=== MAP ===
-- ZONE 1 --
0 13 -1 -1 14 0 4 3 3 0
0 -1 3 0 0 -1 12 0 14 0
4 14 -1 -1 5 13 4 14 4 3
4 -1 -1 12 0 0 -1 4 -1 -1
3 4 5 5 1 5 0 4 4 0
0 0 -1 5 0 12 5 0 0 4
3 5 13 0 0 0 12 -1 0 13
5 5 3 3 -1 3 5 4 12 3
3 5 4 12 3 14 0 2 5 4
4 13 0 -2 0 3 5 5 3 0
-- ZONE 2 --
0 15 6 15 0 0 0 8 0 0 15 8
16 -1 -1 7 7 0 0 0 7 6 -1 0
6 0 7 -1 6 17 8 8 8 -1 0 0
16 8 0 0 6 0 -1 0 7 0 6 6
0 0 0 0 6 8 8 15 0 7 0 8
7 -1 6 0 0 -1 0 -1 8 8 8 15
7 0 6 7 2 16 7 6 8 0 -1 0
-1 0 7 0 -1 7 0 -1 -1 0 -1 6
6 8 0 0 8 15 0 17 -1 7 16 7
16 6 0 17 0 0 6 15 7 0 0 0
7 7 0 0 -2 -3 16 7 0 0 0 0
8 -1 -1 0 6 8 16 17 6 6 8 0
-- ZONE 3 --
10 0 0 10 0 0 0 -1 -1 9 9 0 0 0
18 0 -1 0 20 0 -1 0 9 11 0 20 0 11
9 10 10 0 0 0 18 0 10 11 0 0 0 11
-1 0 0 0 9 0 11 18 10 0 0 0 0 11
10 0 18 0 99 0 0 0 11 0 10 0 0 0
0 -1 -1 11 18 20 0 0 0 0 11 10 0 0
18 11 -1 0 9 0 0 -1 9 0 10 10 9 0
9 19 9 11 18 11 0 0 10 9 -1 0 10 20
11 11 0 10 19 10 9 9 20 0 11 9 -1 0
10 0 11 0 10 11 -1 0 11 0 9 9 0 0
0 11 10 11 0 0 19 9 -3 0 0 0 11 9
0 -1 -1 0 0 9 20 10 0 -1 20 10 19 0
10 -1 0 10 10 9 11 0 -1 -1 0 18 -1 0
9 -1 19 9 0 11 -1 0 9 0 0 -1 2 -1
=== PLAYER ===
{1}
{0}/{10}
{100}/{100}
-- INVENTORY --
{1}@{1}@{10}
{1}@{2}@{10}
{1}@{3}@{10}
{1}@{4}@{10}
{0}@{0}@{0}
{0}@{0}@{0}
{0}@{0}@{0}
{0}@{0}@{0}
{0}@{0}@{0}
{0}@{0}@{0}
-- STORAGE --
{0}@{0}
